_H:	|batch	|epoch	$train_mode	%avg_sse	%cnt_err	%avg_norm_err	%avg_cos_err	%avg_ext_rew	%avg_cycles	%epoch_time_tot	%epoch_time_usr	%V1m_Ctxt_Fm_V1m_netrel	%V1m_Fm_V2m_netrel	%V1m_Ctxt_Fm_V2m_netrel	%V2m_Fm_V1m_netrel	%V2m_Ctxt_Fm_V1m_netrel	%V2m_Ctxt_Fm_V2m_netrel	%V1m_netmax	%V2m_netmax
_D:	0	1	"TEST"	36.6663	0	0.119591	0.288324	0	50	0.02	0.02	0	1	0	1	0	0	0.696336	0.591045
_D:	0	2	"TEST"	30.3094	0	0.110467	0.566135	0	50	0.02	0.02	0	1	0	1	0	0	0.887715	0.676477
_D:	0	3	"TEST"	32.9962	0	0.121546	0.551033	0	50	0.02	0.02	0	1	0	1	0	0	0.843235	0.709226
_D:	0	4	"TEST"	36.1386	0	0.123835	0.548639	0	50	0.02	0.02	0	1	0	1	0	0	1.00093	0.765593
_D:	0	5	"TEST"	38.5672	0	0.132378	0.511565	0	50	0.02	0.02	0	1	0	1	0	0	0.993877	0.754279
_D:	0	6	"TEST"	39.3678	0	0.132557	0.52116	0	50	0.02	0.02	0	1	0	1	0	0	1.06917	0.807363
_D:	0	7	"TEST"	37.0481	0	0.126366	0.539423	0	50	0.02	0.02	0	1	0	1	0	0	1.09014	0.816891
_D:	0	8	"TEST"	35.8548	0	0.121756	0.559228	0	50	0.02	0.02	0	1	0	1	0	0	1.13245	0.844545
_D:	0	9	"TEST"	35.9931	0	0.123808	0.560119	0	50	0.02	0.02	0	1	0	1	0	0	1.12093	0.837379
_D:	0	10	"TEST"	36.2981	0	0.123099	0.55716	0	50	0.02	0.02	0	1	0	1	0	0	1.1581	0.837446
_D:	0	11	"TEST"	37.769	0	0.12828	0.543303	0	50	0.02	0.01	0	1	0	1	0	0	1.13566	0.84537
_D:	0	12	"TEST"	35.4271	0	0.119723	0.569369	0	50	0.01	0.01	0	1	0	1	0	0	1.16224	0.857162
_D:	0	13	"TEST"	33.9131	0	0.116648	0.577804	0	50	0.02	0.02	0	1	0	1	0	0	1.17737	0.861061
_D:	0	14	"TEST"	33.4587	0	0.116552	0.588584	0	50	0.02	0.02	0	1	0	1	0	0	1.13642	0.845813
_D:	0	15	"TEST"	34.771	0	0.121048	0.574888	0	50	0.02	0.02	0	1	0	1	0	0	1.15963	0.83951
_D:	0	16	"TEST"	33.8476	0	0.115666	0.582046	0	50	0.02	0.02	0	1	0	1	0	0	1.17905	0.835662
_D:	0	17	"TEST"	34.1542	0	0.117311	0.58906	0	50	0.02	0.02	0	1	0	1	0	0	1.18722	0.847303
_D:	0	18	"TEST"	33.9582	0	0.117119	0.592204	0	50	0.02	0.02	0	1	0	1	0	0	1.19454	0.841702
_D:	0	19	"TEST"	33.6889	0	0.116964	0.575202	0	50	0.02	0.02	0	1	0	1	0	0	1.13814	0.826922
_D:	0	20	"TEST"	30.8182	0	0.109608	0.615029	0	50	0.02	0.02	0	1	0	1	0	0	1.13312	0.839523
_D:	0	21	"TEST"	32.2851	0	0.113464	0.602138	0	50	0.02	0.02	0	1	0	1	0	0	1.1494	0.839296
_D:	0	22	"TEST"	31.6801	0	0.110654	0.608177	0	50	0.02	0.02	0	1	0	1	0	0	1.17104	0.837607
_D:	0	23	"TEST"	33.8688	0	0.117073	0.586909	0	50	0.02	0.02	0	1	0	1	0	0	1.21498	0.834949
_D:	0	24	"TEST"	31.9651	0	0.109978	0.614317	0	50	0.02	0.02	0	1	0	1	0	0	1.22143	0.834041
_D:	0	25	"TEST"	31.0803	0	0.108964	0.620111	0	50	0.02	0.02	0	1	0	1	0	0	1.19324	0.834512
_D:	0	26	"TEST"	33.262	0	0.114291	0.598823	0	50	0.02	0.01	0	1	0	1	0	0	1.21403	0.843092
_D:	0	27	"TEST"	22.2185	0	0.0861522	0.717884	0	50	0.02	0.01	0	1	0	1	0	0	1.1327	0.838498
_D:	0	28	"TEST"	19.1496	0	0.079354	0.753539	0	50	0.02	0.02	0	1	0	1	0	0	1.08201	0.842459
_D:	0	29	"TEST"	18.418	0	0.0783306	0.760473	0	50	0.02	0.02	0	1	0	1	0	0	1.04033	0.837205
_D:	0	30	"TEST"	19.1305	0	0.0805829	0.750764	0	50	0.02	0.02	0	1	0	1	0	0	1.05009	0.841757
_D:	0	31	"TEST"	20.3785	0	0.0846126	0.730981	0	50	0.01	0.02	0	1	0	1	0	0	1.02048	0.827315
_D:	0	32	"TEST"	19.7474	0	0.0823054	0.737575	0	50	0.02	0.02	0	1	0	1	0	0	1.03724	0.833746
_D:	0	33	"TEST"	20.0877	0	0.0836852	0.739231	0	50	0.01	0.02	0	1	0	1	0	0	1.04391	0.83589
_D:	0	34	"TEST"	21.0065	0	0.0851562	0.727306	0	50	0.02	0.02	0	1	0	1	0	0	1.08846	0.844218
_D:	0	35	"TEST"	21.5039	0	0.0864858	0.719412	0	50	0.02	0.02	0	1	0	1	0	0	1.10517	0.832918
_D:	0	36	"TEST"	20.85	0	0.0842379	0.733551	0	50	0.02	0.01	0	1	0	1	0	0	1.10638	0.845172
_D:	0	37	"TEST"	22.1906	0	0.0877284	0.70968	0	50	0.02	0.02	0	1	0	1	0	0	1.12019	0.842188
_D:	0	38	"TEST"	21.638	0	0.0874406	0.718996	0	50	0.02	0.02	0	1	0	1	0	0	1.10257	0.84476
_D:	0	39	"TEST"	20.1832	0	0.0822871	0.739146	0	50	0.02	0.02	0	1	0	1	0	0	1.07352	0.838721
_D:	0	40	"TEST"	19.4464	0	0.0816977	0.743416	0	50	0.02	0.02	0	1	0	1	0	0	1.05952	0.83228
_D:	0	41	"TEST"	19.1562	0	0.0806698	0.74824	0	50	0.02	0.01	0	1	0	1	0	0	1.05376	0.834234
_D:	0	42	"TEST"	20.1469	0	0.0842105	0.739946	0	50	0.02	0.02	0	1	0	1	0	0	1.07919	0.848673
_D:	0	43	"TEST"	21.3021	0	0.0863304	0.726245	0	50	0.02	0.02	0	1	0	1	0	0	1.07793	0.842704
_D:	0	44	"TEST"	21.8638	0	0.0877879	0.710451	0	50	0.01	0.01	0	1	0	1	0	0	1.07848	0.833558
_D:	0	45	"TEST"	20.8481	0	0.0853847	0.72582	0	50	0.01	0.02	0	1	0	1	0	0	1.06678	0.83586
_D:	0	46	"TEST"	20.8255	0	0.084608	0.725917	0	50	0.02	0.02	0	1	0	1	0	0	1.09096	0.839537
_D:	0	47	"TEST"	22.3904	0	0.0890762	0.711893	0	50	0.02	0.01	0	1	0	1	0	0	1.10945	0.837788
_D:	0	48	"TEST"	22.6156	0	0.0893503	0.709839	0	50	0.01	0.02	0	1	0	1	0	0	1.12403	0.84261
_D:	0	49	"TEST"	23.1202	0	0.0907895	0.703161	0	50	0.02	0.02	0	1	0	1	0	0	1.11426	0.836191
_D:	0	50	"TEST"	20.7324	0	0.0830638	0.730077	0	50	0.02	0.02	0	1	0	1	0	0	1.07929	0.825996
_D:	0	51	"TEST"	20.5005	0	0.0835024	0.730763	0	50	0.02	0.02	0	1	0	1	0	0	1.09046	0.833915
_D:	0	52	"TEST"	15.7464	0	0.0698145	0.79134	0	50	0.02	0.02	0	1	0	1	0	0	1.03928	0.826123
_D:	0	53	"TEST"	13.6806	0	0.0641402	0.817538	0	50	0.02	0.02	0	1	0	1	0	0	1.0398	0.836266
_D:	0	54	"TEST"	13.405	0	0.0635006	0.8208	0	50	0.02	0.02	0	1	0	1	0	0	1.04217	0.835745
_D:	0	55	"TEST"	13.8558	0	0.0644006	0.812187	0	50	0.01	0.02	0	1	0	1	0	0	1.01714	0.832655
_D:	0	56	"TEST"	13.0497	0	0.0628061	0.824848	0	50	0.02	0.02	0	1	0	1	0	0	1.0115	0.83081
_D:	0	57	"TEST"	12.6003	0	0.0607685	0.829974	0	50	0.01	0.02	0	1	0	1	0	0	1.04337	0.848444
_D:	0	58	"TEST"	12.6036	0	0.0604852	0.830596	0	50	0.02	0.01	0	1	0	1	0	0	1.02945	0.841696
_D:	0	59	"TEST"	12.5897	0	0.0609923	0.831501	0	50	0.02	0.02	0	1	0	1	0	0	1.02322	0.842314
_D:	0	60	"TEST"	12.9203	0	0.0614949	0.825918	0	50	0.02	0.02	0	1	0	1	0	0	1.02878	0.836339
_D:	0	61	"TEST"	13.2797	0	0.0633772	0.821465	0	50	0.02	0.02	0	1	0	1	0	0	1.02837	0.835047
_D:	0	62	"TEST"	12.0185	0	0.0598684	0.838895	0	50	0.02	0.01	0	1	0	1	0	0	1.03114	0.849678
_D:	0	63	"TEST"	13.4724	0	0.0636696	0.815746	0	50	0.02	0.02	0	1	0	1	0	0	1.01936	0.837264
_D:	0	64	"TEST"	12.5012	0	0.062203	0.832237	0	50	0.02	0.02	0	1	0	1	0	0	1.02014	0.841803
_D:	0	65	"TEST"	12.9611	0	0.0633224	0.826673	0	50	0.02	0.02	0	1	0	1	0	0	1.02828	0.847609
_D:	0	66	"TEST"	13.0046	0	0.063135	0.824996	0	50	0.02	0.02	0	1	0	1	0	0	1.03352	0.845965
_D:	0	67	"TEST"	13.182	0	0.0630802	0.824577	0	50	0.01	0.02	0	1	0	1	0	0	1.00801	0.836714
_D:	0	68	"TEST"	12.9382	0	0.0628107	0.825796	0	50	0.02	0.02	0	1	0	1	0	0	1.03497	0.850096
_D:	0	69	"TEST"	12.467	0	0.060138	0.832125	0	50	0.02	0.02	0	1	0	1	0	0	1.03368	0.849541
_D:	0	70	"TEST"	12.2059	0	0.0603619	0.836299	0	50	0.02	0.02	0	1	0	1	0	0	1.02658	0.84889
_D:	0	71	"TEST"	12.2461	0	0.0605309	0.836724	0	50	0.02	0.02	0	1	0	1	0	0	1.0275	0.851698
_D:	0	72	"TEST"	12.45	0	0.0606679	0.831282	0	50	0.02	0.02	0	1	0	1	0	0	1.03314	0.855822
_D:	0	73	"TEST"	12.6068	0	0.0611934	0.828979	0	50	0.01	0.02	0	1	0	1	0	0	1.01015	0.837431
_D:	0	74	"TEST"	12.4403	0	0.0613898	0.833976	0	50	0.01	0.02	0	1	0	1	0	0	1.01844	0.844768
_D:	0	75	"TEST"	12.5779	0	0.0603984	0.83037	0	50	0.01	0.02	0	1	0	1	0	0	1.0354	0.853312
_D:	0	76	"TEST"	12.7691	0	0.0619472	0.828872	0	50	0.02	0.01	0	1	0	1	0	0	1.04284	0.850489
_D:	0	77	"TEST"	12.3873	0	0.0609695	0.834277	0	50	0.02	0.02	0	1	0	1	0	0	1.01492	0.842279
_D:	0	78	"TEST"	12.4052	0	0.0597816	0.831021	0	50	0.02	0.02	0	1	0	1	0	0	1.03491	0.851441
_D:	0	79	"TEST"	11.4325	0	0.0565515	0.84702	0	50	0.01	0.02	0	1	0	1	0	0	1.03268	0.851201
_D:	0	80	"TEST"	13.0071	0	0.061801	0.82288	0	50	0.01	0.02	0	1	0	1	0	0	1.03662	0.843624
_D:	0	81	"TEST"	11.5084	0	0.0570175	0.843917	0	50	0.02	0.01	0	1	0	1	0	0	1.05396	0.864076
_D:	0	82	"TEST"	11.4459	0	0.0566246	0.846459	0	50	0.02	0.02	0	1	0	1	0	0	1.03865	0.854736
_D:	0	83	"TEST"	12.4704	0	0.0607365	0.831397	0	50	0.02	0.02	0	1	0	1	0	0	1.02087	0.845093
_D:	0	84	"TEST"	12.2259	0	0.0592699	0.83273	0	50	0.02	0.02	0	1	0	1	0	0	1.04203	0.856677
_D:	0	85	"TEST"	11.6896	0	0.0578491	0.84143	0	50	0.02	0.02	0	1	0	1	0	0	1.04214	0.861988
_D:	0	86	"TEST"	11.6715	0	0.0581414	0.843937	0	50	0.03	0.02	0	1	0	1	0	0	1.02564	0.852994
_D:	0	87	"TEST"	11.8892	0	0.0585344	0.839292	0	50	0.02	0.02	0	1	0	1	0	0	1.02183	0.850197
_D:	0	88	"TEST"	12.8024	0	0.0610243	0.823556	0	50	0.02	0.02	0	1	0	1	0	0	1.02283	0.85089
_D:	0	89	"TEST"	11.186	0	0.0567617	0.850793	0	50	0.02	0.02	0	1	0	1	0	0	1.02721	0.860659
_D:	0	90	"TEST"	11.9741	0	0.0589273	0.840514	0	50	0.02	0.02	0	1	0	1	0	0	1.04052	0.857323
_D:	0	91	"TEST"	11.9264	0	0.0587628	0.840545	0	50	0.02	0.02	0	1	0	1	0	0	1.0317	0.850891
_D:	0	92	"TEST"	11.8902	0	0.0584201	0.839218	0	50	0.02	0.02	0	1	0	1	0	0	1.03698	0.854787
_D:	0	93	"TEST"	12.1078	0	0.059046	0.836085	0	50	0.01	0.02	0	1	0	1	0	0	1.03826	0.855938
_D:	0	94	"TEST"	12.0017	0	0.0580272	0.835292	0	50	0.02	0.01	0	1	0	1	0	0	1.0311	0.852127
_D:	0	95	"TEST"	12.0935	0	0.0590186	0.834728	0	50	0.02	0.02	0	1	0	1	0	0	1.03521	0.848033
_D:	0	96	"TEST"	11.1312	0	0.056611	0.850913	0	50	0.02	0.02	0	1	0	1	0	0	1.03609	0.856181
_D:	0	97	"TEST"	11.0027	0	0.0560718	0.854313	0	50	0.02	0.02	0	1	0	1	0	0	1.0202	0.855804
_D:	0	98	"TEST"	11.7569	0	0.0576161	0.839087	0	50	0.02	0.02	0	1	0	1	0	0	1.03928	0.86197
_D:	0	99	"TEST"	11.7624	0	0.0587536	0.843338	0	50	0.01	0.02	0	1	0	1	0	0	1.02279	0.854634
_D:	0	100	"TEST"	11.3311	0	0.0560444	0.847792	0	50	0.02	0.02	0	1	0	1	0	0	1.03369	0.862234
_D:	0	101	"TEST"	11.6877	0	0.058772	0.843058	0	50	0.02	0.02	0	1	0	1	0	0	1.04867	0.862493
_D:	0	102	"TEST"	11.8331	0	0.0585024	0.841265	0	50	0.02	0.01	0	1	0	1	0	0	1.01801	0.852804
_D:	0	103	"TEST"	11.6336	0	0.0573922	0.842624	0	50	0.02	0.02	0	1	0	1	0	0	1.03541	0.857693
_D:	0	104	"TEST"	11.4171	0	0.0568942	0.846445	0	50	0.02	0.02	0	1	0	1	0	0	1.04255	0.863057
_D:	0	105	"TEST"	12.8359	0	0.0612801	0.824826	0	50	0.02	0.02	0	1	0	1	0	0	1.02789	0.854998
_D:	0	106	"TEST"	12.0336	0	0.0582237	0.83538	0	50	0.01	0.02	0	1	0	1	0	0	1.0577	0.859221
_D:	0	107	"TEST"	12.4281	0	0.0598365	0.829205	0	50	0.02	0.02	0	1	0	1	0	0	1.02443	0.850152
_D:	0	108	"TEST"	11.9909	0	0.0581049	0.835065	0	50	0.02	0.02	0	1	0	1	0	0	1.02667	0.851738
_D:	0	109	"TEST"	11.7708	0	0.0581278	0.842233	0	50	0.02	0.02	0	1	0	1	0	0	1.02639	0.857847
_D:	0	110	"TEST"	12.2818	0	0.0603299	0.833428	0	50	0.02	0.02	0	1	0	1	0	0	1.02365	0.858416
_D:	0	111	"TEST"	12.3331	0	0.0590598	0.831256	0	50	0.02	0.02	0	1	0	1	0	0	1.03057	0.854212
_D:	0	112	"TEST"	11.641	0	0.0584704	0.84365	0	50	0.02	0.02	0	1	0	1	0	0	1.02799	0.852774
_D:	0	113	"TEST"	11.9309	0	0.0587171	0.838608	0	50	0.02	0.02	0	1	0	1	0	0	1.03316	0.8543
_D:	0	114	"TEST"	12.0914	0	0.0589866	0.835549	0	50	0.02	0.02	0	1	0	1	0	0	1.0173	0.846857
_D:	0	115	"TEST"	11.9838	0	0.0578125	0.835766	0	50	0.02	0.02	0	1	0	1	0	0	1.02299	0.848754
_D:	0	116	"TEST"	11.3882	0	0.0562774	0.847529	0	50	0.02	0.02	0	1	0	1	0	0	1.04353	0.863991
_D:	0	117	"TEST"	11.7919	0	0.0588085	0.841167	0	50	0.03	0.02	0	1	0	1	0	0	1.03761	0.850165
_D:	0	118	"TEST"	11.8826	0	0.0583516	0.838993	0	50	0.02	0.02	0	1	0	1	0	0	1.04422	0.858757
_D:	0	119	"TEST"	11.7073	0	0.0580592	0.84245	0	50	0.02	0.02	0	1	0	1	0	0	1.04204	0.862668
_D:	0	120	"TEST"	11.3984	0	0.0558936	0.84534	0	50	0.02	0.01	0	1	0	1	0	0	1.02915	0.858234
_D:	0	121	"TEST"	12.0487	0	0.0591328	0.835848	0	50	0.02	0.02	0	1	0	1	0	0	1.04138	0.861689
_D:	0	122	"TEST"	11.8252	0	0.0582282	0.840625	0	50	0.03	0.02	0	1	0	1	0	0	1.03772	0.857331
_D:	0	123	"TEST"	11.7436	0	0.0577622	0.841308	0	50	0.02	0.02	0	1	0	1	0	0	1.03459	0.854239
_D:	0	124	"TEST"	11.729	0	0.057712	0.84136	0	50	0.01	0.02	0	1	0	1	0	0	1.0384	0.861709
_D:	0	125	"TEST"	11.2892	0	0.0566383	0.850086	0	50	0.02	0.02	0	1	0	1	0	0	1.03065	0.859373
_D:	0	126	"TEST"	11.5363	0	0.0583745	0.847668	0	50	0.02	0.02	0	1	0	1	0	0	1.01749	0.850882
_D:	0	127	"TEST"	11.3193	0	0.0565378	0.847016	0	50	0.02	0.02	0	1	0	1	0	0	1.04032	0.861471
_D:	0	128	"TEST"	11.6506	0	0.0578993	0.843219	0	50	0.03	0.03	0	1	0	1	0	0	1.03151	0.85535
_D:	0	129	"TEST"	12.0515	0	0.0591603	0.83823	0	50	0.03	0.02	0	1	0	1	0	0	1.01622	0.848198
_D:	0	130	"TEST"	11.6167	0	0.0582511	0.844873	0	50	0.02	0.02	0	1	0	1	0	0	1.02945	0.852752
_D:	0	131	"TEST"	11.2066	0	0.0570952	0.849734	0	50	0.02	0.02	0	1	0	1	0	0	1.05201	0.862415
_D:	0	132	"TEST"	11.78	0	0.0577668	0.84116	0	50	0.02	0.02	0	1	0	1	0	0	1.03979	0.860642
_D:	0	133	"TEST"	12.1745	0	0.0592928	0.836287	0	50	0.02	0.02	0	1	0	1	0	0	1.02506	0.854081
_D:	0	134	"TEST"	11.6292	0	0.0573054	0.843233	0	50	0.02	0.02	0	1	0	1	0	0	1.04983	0.866867
_D:	0	135	"TEST"	11.5817	0	0.0573328	0.843034	0	50	0.02	0.02	0	1	0	1	0	0	1.04207	0.856069
_D:	0	136	"TEST"	11.1532	0	0.0562043	0.851057	0	50	0.02	0.02	0	1	0	1	0	0	1.03972	0.856892
_D:	0	137	"TEST"	11.0473	0	0.0546372	0.850072	0	50	0.03	0.02	0	1	0	1	0	0	1.05426	0.867001
_D:	0	138	"TEST"	11.1697	0	0.0551855	0.8502	0	50	0.02	0.02	0	1	0	1	0	0	1.05209	0.862871
_D:	0	139	"TEST"	11.1664	0	0.0555784	0.84997	0	50	0.02	0.02	0	1	0	1	0	0	1.04727	0.863848
_D:	0	140	"TEST"	12.2457	0	0.0584521	0.829947	0	50	0.01	0.02	0	1	0	1	0	0	1.03494	0.853556
_D:	0	141	"TEST"	11.7619	0	0.0572963	0.840002	0	50	0.02	0.02	0	1	0	1	0	0	1.0442	0.861567
_D:	0	142	"TEST"	12.0182	0	0.0584384	0.836387	0	50	0.02	0.02	0	1	0	1	0	0	1.02679	0.851243
_D:	0	143	"TEST"	11.2269	0	0.0563094	0.847801	0	50	0.02	0.02	0	1	0	1	0	0	1.0453	0.86084
_D:	0	144	"TEST"	11.6304	0	0.0576754	0.843457	0	50	0.02	0.02	0	1	0	1	0	0	1.03454	0.856684
_D:	0	145	"TEST"	11.4033	0	0.0570952	0.846273	0	50	0.02	0.01	0	1	0	1	0	0	1.04436	0.861488
_D:	0	146	"TEST"	11.8626	0	0.0579359	0.837739	0	50	0.03	0.02	0	1	0	1	0	0	1.0379	0.854951
_D:	0	147	"TEST"	11.6948	0	0.0583333	0.842277	0	50	0.02	0.02	0	1	0	1	0	0	1.01656	0.85123
_D:	0	148	"TEST"	11.8033	0	0.0585252	0.84086	0	50	0.02	0.02	0	1	0	1	0	0	1.02982	0.85793
_D:	0	149	"TEST"	11.5592	0	0.057118	0.84257	0	50	0.02	0.02	0	1	0	1	0	0	1.03855	0.856082
_D:	0	150	"TEST"	12.1898	0	0.0594161	0.834976	0	50	0.02	0.02	0	1	0	1	0	0	1.02662	0.85221
_D:	0	151	"TEST"	11.9312	0	0.0575795	0.837682	0	50	0.01	0.02	0	1	0	1	0	0	1.03402	0.855498
_D:	0	152	"TEST"	12.6997	0	0.0607456	0.82677	0	50	0.02	0.02	0	1	0	1	0	0	1.03573	0.85662
_D:	0	153	"TEST"	11.5797	0	0.056282	0.841609	0	50	0.02	0.02	0	1	0	1	0	0	1.04539	0.863059
_D:	0	154	"TEST"	11.5354	0	0.0570084	0.845205	0	50	0.01	0.02	0	1	0	1	0	0	1.0513	0.867201
_D:	0	155	"TEST"	11.9828	0	0.058315	0.836508	0	50	0.02	0.02	0	1	0	1	0	0	1.04136	0.856734
_D:	0	156	"TEST"	11.2797	0	0.0565744	0.849181	0	50	0.02	0.02	0	1	0	1	0	0	1.03959	0.85968
_D:	0	157	"TEST"	11.5691	0	0.0576207	0.844692	0	50	0.02	0.01	0	1	0	1	0	0	1.0582	0.864501
_D:	0	158	"TEST"	11.5757	0	0.0571043	0.844424	0	50	0.02	0.02	0	1	0	1	0	0	1.04306	0.867727
_D:	0	159	"TEST"	11.532	0	0.0580501	0.846265	0	50	0.02	0.02	0	1	0	1	0	0	1.03194	0.857767
_D:	0	160	"TEST"	11.3184	0	0.0564876	0.848129	0	50	0.01	0.02	0	1	0	1	0	0	1.04942	0.865264
_D:	0	161	"TEST"	12.4381	0	0.0603527	0.831406	0	50	0.02	0.02	0	1	0	1	0	0	1.0249	0.852917
_D:	0	162	"TEST"	11.7395	0	0.0585754	0.844346	0	50	0.02	0.02	0	1	0	1	0	0	1.02118	0.850402
_D:	0	163	"TEST"	11.4873	0	0.0569992	0.843586	0	50	0.02	0.02	0	1	0	1	0	0	1.03871	0.860399
_D:	0	164	"TEST"	11.3473	0	0.0568987	0.847428	0	50	0.02	0.02	0	1	0	1	0	0	1.04806	0.865633
_D:	0	165	"TEST"	11.5983	0	0.0568942	0.843368	0	50	0.02	0.02	0	1	0	1	0	0	1.0496	0.862853
_D:	0	166	"TEST"	12.6884	0	0.0611203	0.826716	0	50	0.02	0.02	0	1	0	1	0	0	1.03252	0.851384
_D:	0	167	"TEST"	11.2172	0	0.0562363	0.84944	0	50	0.02	0.02	0	1	0	1	0	0	1.05663	0.867878
_D:	0	168	"TEST"	11.99	0	0.0584429	0.837313	0	50	0.02	0.02	0	1	0	1	0	0	1.04431	0.860932
_D:	0	169	"TEST"	11.8069	0	0.0586029	0.842578	0	50	0.02	0.02	0	1	0	1	0	0	1.02571	0.856998
_D:	0	170	"TEST"	11.7209	0	0.0581323	0.840519	0	50	0.02	0.02	0	1	0	1	0	0	1.04261	0.858592
_D:	0	171	"TEST"	11.356	0	0.0562134	0.847189	0	50	0.02	0.02	0	1	0	1	0	0	1.05353	0.86765
_D:	0	172	"TEST"	11.3824	0	0.0564328	0.845976	0	50	0.02	0.02	0	1	0	1	0	0	1.06173	0.865434
_D:	0	173	"TEST"	12.2876	0	0.0599598	0.831137	0	50	0.03	0.03	0	1	0	1	0	0	1.02289	0.847062
_D:	0	174	"TEST"	11.5426	0	0.0577622	0.843347	0	50	0.01	0.02	0	1	0	1	0	0	1.04512	0.862714
_D:	0	175	"TEST"	11.4781	0	0.0563916	0.844613	0	50	0.02	0.02	0	1	0	1	0	0	1.0452	0.864746
_D:	0	176	"TEST"	11.467	0	0.0565378	0.845168	0	50	0.02	0.02	0	1	0	1	0	0	1.03679	0.857489
