_H:	|batch	|epoch	$train_mode	%avg_sse	%cnt_err	%avg_norm_err	%avg_cos_err	%avg_cos_err_prv	%avg_cos_err_vs_prv	%avg_ext_rew	%avg_cycles	%epoch_time_tot	%epoch_time_usr	%V1m_Ctxt_Fm_V1m_netrel	%V1m_Fm_V2m_netrel	%V1m_Ctxt_Fm_V2m_netrel	%V2m_Fm_V1m_netrel	%V2m_Ctxt_Fm_V1m_netrel	%V2m_Ctxt_Fm_V2m_netrel	%V1m_netmax	%V2m_netmax
_D:	0	1	"TRAIN"	36.6663	380	0.119591	0.288324	0.623119	-0.334794	0	50	61.78	84.37	0	1	0	1	0	0	0.696336	0.591045
_D:	0	2	"TRAIN"	30.3094	380	0.110467	0.566135	0.625126	-0.0589913	0	50	63.48	87.33	0	1	0	1	0	0	0.887715	0.676477
_D:	0	3	"TRAIN"	32.9962	380	0.121546	0.551033	0.621538	-0.0705046	0	50	62.89	86.51	0	1	0	1	0	0	0.843235	0.709226
_D:	0	4	"TRAIN"	36.1386	380	0.123835	0.548639	0.622962	-0.0743229	0	50	65.33	88.57	0	1	0	1	0	0	1.00093	0.765593
_D:	0	5	"TRAIN"	38.5672	380	0.132378	0.511565	0.628725	-0.11716	0	50	61.35	83.51	0	1	0	1	0	0	0.993877	0.754279
_D:	0	6	"TRAIN"	39.3678	380	0.132557	0.52116	0.643439	-0.122279	0	50	61.01	82.58	0	1	0	1	0	0	1.06917	0.807363
_D:	0	7	"TRAIN"	37.0481	380	0.126366	0.539423	0.62035	-0.0809273	0	50	61.04	82.39	0	1	0	1	0	0	1.09014	0.816891
_D:	0	8	"TRAIN"	35.8548	380	0.121756	0.559228	0.621591	-0.062362	0	50	61.27	83.06	0	1	0	1	0	0	1.13245	0.844545
_D:	0	9	"TRAIN"	35.9931	380	0.123808	0.560119	0.635344	-0.0752251	0	50	61.05	82.03	0	1	0	1	0	0	1.12093	0.837379
_D:	0	10	"TRAIN"	36.2981	380	0.123099	0.55716	0.620634	-0.0634747	0	50	60.91	82.28	0	1	0	1	0	0	1.1581	0.837446
_D:	0	11	"TRAIN"	37.769	380	0.12828	0.543303	0.611919	-0.0686153	0	50	60.77	82.44	0	1	0	1	0	0	1.13566	0.84537
_D:	0	12	"TRAIN"	35.4271	380	0.119723	0.569369	0.625312	-0.0559429	0	50	60.9	82.1	0	1	0	1	0	0	1.16224	0.857162
_D:	0	13	"TRAIN"	33.9131	380	0.116648	0.577804	0.617886	-0.0400822	0	50	60.74	82.03	0	1	0	1	0	0	1.17737	0.861061
_D:	0	14	"TRAIN"	33.4587	380	0.116552	0.588584	0.618682	-0.0300982	0	50	61.15	82.24	0	1	0	1	0	0	1.13642	0.845813
_D:	0	15	"TRAIN"	34.771	380	0.121048	0.574888	0.616702	-0.0418132	0	50	60.96	82.54	0	1	0	1	0	0	1.15963	0.83951
_D:	0	16	"TRAIN"	33.8476	380	0.115666	0.582046	0.60723	-0.0251842	0	50	61.21	82.5	0	1	0	1	0	0	1.17905	0.835662
_D:	0	17	"TRAIN"	34.1542	380	0.117311	0.58906	0.621234	-0.0321738	0	50	61.92	82.82	0	1	0	1	0	0	1.18722	0.847303
_D:	0	18	"TRAIN"	33.9582	380	0.117119	0.592204	0.637529	-0.0453245	0	50	61.8	83.1	0	1	0	1	0	0	1.19454	0.841702
_D:	0	19	"TRAIN"	33.6889	380	0.116964	0.575202	0.608465	-0.0332626	0	50	60.66	82.43	0	1	0	1	0	0	1.13814	0.826922
_D:	0	20	"TRAIN"	30.8182	380	0.109608	0.615029	0.622304	-0.00727489	0	50	61.07	82.92	0	1	0	1	0	0	1.13312	0.839523
_D:	0	21	"TRAIN"	32.2851	380	0.113464	0.602138	0.632656	-0.0305177	0	50	62.12	83.05	0	1	0	1	0	0	1.1494	0.839296
_D:	0	22	"TRAIN"	31.6801	380	0.110654	0.608177	0.631224	-0.0230476	0	50	61.6	82.88	0	1	0	1	0	0	1.17104	0.837607
_D:	0	23	"TRAIN"	33.8688	380	0.117073	0.586909	0.622961	-0.0360521	0	50	61.44	82.93	0	1	0	1	0	0	1.21498	0.834949
_D:	0	24	"TRAIN"	31.9651	380	0.109978	0.614317	0.614812	-0.000494553	0	50	62.29	83.02	0	1	0	1	0	0	1.22143	0.834041
_D:	0	25	"TRAIN"	31.0803	380	0.108964	0.620111	0.619453	0.000657929	0	50	60.79	82.74	0	1	0	1	0	0	1.19324	0.834512
_D:	0	26	"TRAIN"	33.262	380	0.114291	0.598823	0.626921	-0.0280979	0	50	61.68	83.29	0	1	0	1	0	0	1.21403	0.843092
_D:	0	27	"TRAIN"	22.2185	380	0.0861522	0.717884	0.638508	0.0793755	0	50	60.89	82.73	0	1	0	1	0	0	1.1327	0.838498
_D:	0	28	"TRAIN"	19.1496	380	0.079354	0.753539	0.618401	0.135138	0	50	60.88	83.04	0	1	0	1	0	0	1.08201	0.842459
_D:	0	29	"TRAIN"	18.418	380	0.0783306	0.760473	0.63671	0.123763	0	50	61.71	83.62	0	1	0	1	0	0	1.04033	0.837205
_D:	0	30	"TRAIN"	19.1305	380	0.0805829	0.750764	0.620813	0.129951	0	50	61.32	83.6	0	1	0	1	0	0	1.05009	0.841757
_D:	0	31	"TRAIN"	20.3785	380	0.0846126	0.730981	0.6203	0.110681	0	50	61.85	83.59	0	1	0	1	0	0	1.02048	0.827315
_D:	0	32	"TRAIN"	19.7474	380	0.0823054	0.737575	0.62185	0.115725	0	50	61.95	83.8	0	1	0	1	0	0	1.03724	0.833746
_D:	0	33	"TRAIN"	20.0877	380	0.0836852	0.739231	0.614968	0.124263	0	50	61.34	84.28	0	1	0	1	0	0	1.04391	0.83589
_D:	0	34	"TRAIN"	21.0065	380	0.0851562	0.727306	0.629207	0.098099	0	50	60.93	83.64	0	1	0	1	0	0	1.08846	0.844218
_D:	0	35	"TRAIN"	21.5039	380	0.0864858	0.719412	0.612339	0.107072	0	50	62.26	83.97	0	1	0	1	0	0	1.10517	0.832918
_D:	0	36	"TRAIN"	20.85	380	0.0842379	0.733551	0.632109	0.101442	0	50	61.79	83.83	0	1	0	1	0	0	1.10638	0.845172
_D:	0	37	"TRAIN"	22.1906	380	0.0877284	0.70968	0.621344	0.0883366	0	50	61.32	83.81	0	1	0	1	0	0	1.12019	0.842188
_D:	0	38	"TRAIN"	21.638	380	0.0874406	0.718996	0.62124	0.0977558	0	50	63.14	84.36	0	1	0	1	0	0	1.10257	0.84476
_D:	0	39	"TRAIN"	20.1832	380	0.0822871	0.739146	0.63363	0.105516	0	50	61.72	83.77	0	1	0	1	0	0	1.07352	0.838721
_D:	0	40	"TRAIN"	19.4464	380	0.0816977	0.743416	0.622416	0.121	0	50	61.29	83.78	0	1	0	1	0	0	1.05952	0.83228
_D:	0	41	"TRAIN"	19.1562	380	0.0806698	0.74824	0.611306	0.136933	0	50	62.53	84.36	0	1	0	1	0	0	1.05376	0.834234
_D:	0	42	"TRAIN"	20.1469	380	0.0842105	0.739946	0.633985	0.105962	0	50	62.4	84.36	0	1	0	1	0	0	1.07919	0.848673
_D:	0	43	"TRAIN"	21.3021	380	0.0863304	0.726245	0.645375	0.0808697	0	50	61.6	83.77	0	1	0	1	0	0	1.07793	0.842704
_D:	0	44	"TRAIN"	21.8638	380	0.0877879	0.710451	0.61769	0.0927609	0	50	62.04	83.9	0	1	0	1	0	0	1.07848	0.833558
_D:	0	45	"TRAIN"	20.8481	380	0.0853847	0.72582	0.614435	0.111385	0	50	61.43	83.93	0	1	0	1	0	0	1.06678	0.83586
_D:	0	46	"TRAIN"	20.8255	380	0.084608	0.725917	0.618382	0.107534	0	50	61.93	84.01	0	1	0	1	0	0	1.09096	0.839537
_D:	0	47	"TRAIN"	22.3904	380	0.0890762	0.711893	0.632643	0.0792497	0	50	61.66	84.04	0	1	0	1	0	0	1.10945	0.837788
_D:	0	48	"TRAIN"	22.6156	380	0.0893503	0.709839	0.631309	0.0785295	0	50	61.6	84.18	0	1	0	1	0	0	1.12403	0.84261
_D:	0	49	"TRAIN"	23.1202	380	0.0907895	0.703161	0.641762	0.0613994	0	50	62.66	84.33	0	1	0	1	0	0	1.11426	0.836191
_D:	0	50	"TRAIN"	20.7324	380	0.0830638	0.730077	0.61915	0.110927	0	50	61.49	83.39	0	1	0	1	0	0	1.07929	0.825996
_D:	0	51	"TRAIN"	20.5005	380	0.0835024	0.730763	0.618006	0.112757	0	50	61.87	84.22	0	1	0	1	0	0	1.09046	0.833915
_D:	0	52	"TRAIN"	15.7464	380	0.0698145	0.79134	0.608772	0.182567	0	50	61.82	84.15	0	1	0	1	0	0	1.03928	0.826123
_D:	0	53	"TRAIN"	13.6806	380	0.0641402	0.817538	0.635447	0.18209	0	50	62.53	84.36	0	1	0	1	0	0	1.0398	0.836266
_D:	0	54	"TRAIN"	13.405	380	0.0635006	0.8208	0.609657	0.211142	0	50	62.87	84.6	0	1	0	1	0	0	1.04217	0.835745
_D:	0	55	"TRAIN"	13.8558	380	0.0644006	0.812187	0.617131	0.195056	0	50	62.35	84.5	0	1	0	1	0	0	1.01714	0.832655
_D:	0	56	"TRAIN"	13.0497	380	0.0628061	0.824848	0.628544	0.196303	0	50	61.61	84.16	0	1	0	1	0	0	1.0115	0.83081
_D:	0	57	"TRAIN"	12.6003	380	0.0607685	0.829974	0.643354	0.18662	0	50	63.12	84.72	0	1	0	1	0	0	1.04337	0.848444
_D:	0	58	"TRAIN"	12.6036	380	0.0604852	0.830596	0.632856	0.197741	0	50	62.75	84.6	0	1	0	1	0	0	1.02945	0.841696
_D:	0	59	"TRAIN"	12.5897	380	0.0609923	0.831501	0.627291	0.20421	0	50	62.07	84.89	0	1	0	1	0	0	1.02322	0.842314
_D:	0	60	"TRAIN"	12.9203	380	0.0614949	0.825918	0.612719	0.213199	0	50	62.29	84.62	0	1	0	1	0	0	1.02878	0.836339
_D:	0	61	"TRAIN"	13.2797	380	0.0633772	0.821465	0.620755	0.20071	0	50	62.83	85.23	0	1	0	1	0	0	1.02837	0.835047
_D:	0	62	"TRAIN"	12.0185	380	0.0598684	0.838895	0.637573	0.201322	0	50	62.28	84.64	0	1	0	1	0	0	1.03114	0.849678
_D:	0	63	"TRAIN"	13.4724	380	0.0636696	0.815746	0.638895	0.17685	0	50	61.94	84.01	0	1	0	1	0	0	1.01936	0.837264
_D:	0	64	"TRAIN"	12.5012	380	0.062203	0.832237	0.641278	0.190959	0	50	62.3	84.85	0	1	0	1	0	0	1.02014	0.841803
_D:	0	65	"TRAIN"	12.9611	380	0.0633224	0.826673	0.62907	0.197602	0	50	63.21	85.27	0	1	0	1	0	0	1.02828	0.847609
_D:	0	66	"TRAIN"	13.0046	380	0.063135	0.824996	0.626414	0.198582	0	50	62.65	84.82	0	1	0	1	0	0	1.03352	0.845965
_D:	0	67	"TRAIN"	13.182	380	0.0630802	0.824577	0.640356	0.184221	0	50	63.15	84.83	0	1	0	1	0	0	1.00801	0.836714
_D:	0	68	"TRAIN"	12.9382	380	0.0628107	0.825796	0.604282	0.221514	0	50	62.82	85.22	0	1	0	1	0	0	1.03497	0.850096
_D:	0	69	"TRAIN"	12.467	380	0.060138	0.832125	0.627055	0.20507	0	50	62.93	85.05	0	1	0	1	0	0	1.03368	0.849541
_D:	0	70	"TRAIN"	12.2059	380	0.0603619	0.836299	0.627556	0.208744	0	50	62.27	84.71	0	1	0	1	0	0	1.02658	0.84889
_D:	0	71	"TRAIN"	12.2461	380	0.0605309	0.836724	0.623777	0.212947	0	50	62.94	85.41	0	1	0	1	0	0	1.0275	0.851698
_D:	0	72	"TRAIN"	12.45	380	0.0606679	0.831282	0.623793	0.207489	0	50	61.77	84.59	0	1	0	1	0	0	1.03314	0.855822
_D:	0	73	"TRAIN"	12.6068	380	0.0611934	0.828979	0.631118	0.197861	0	50	62.32	84.58	0	1	0	1	0	0	1.01015	0.837431
_D:	0	74	"TRAIN"	12.4403	380	0.0613898	0.833976	0.621506	0.21247	0	50	62.15	84.56	0	1	0	1	0	0	1.01844	0.844768
_D:	0	75	"TRAIN"	12.5779	380	0.0603984	0.83037	0.642697	0.187673	0	50	62.25	84.79	0	1	0	1	0	0	1.0354	0.853312
_D:	0	76	"TRAIN"	12.7691	380	0.0619472	0.828872	0.624966	0.203906	0	50	62.73	85.09	0	1	0	1	0	0	1.04284	0.850489
_D:	0	77	"TRAIN"	12.3873	380	0.0609695	0.834277	0.630402	0.203875	0	50	63.16	85.43	0	1	0	1	0	0	1.01492	0.842279
_D:	0	78	"TRAIN"	12.4052	380	0.0597816	0.831021	0.611604	0.219417	0	50	63.21	85.07	0	1	0	1	0	0	1.03491	0.851441
_D:	0	79	"TRAIN"	11.4325	380	0.0565515	0.84702	0.631558	0.215462	0	50	62.37	84.69	0	1	0	1	0	0	1.03268	0.851201
_D:	0	80	"TRAIN"	13.0071	380	0.061801	0.82288	0.609303	0.213577	0	50	62.08	84.65	0	1	0	1	0	0	1.03662	0.843624
_D:	0	81	"TRAIN"	11.5084	380	0.0570175	0.843917	0.628901	0.215016	0	50	62.66	84.94	0	1	0	1	0	0	1.05396	0.864076
_D:	0	82	"TRAIN"	11.4459	380	0.0566246	0.846459	0.618026	0.228433	0	50	62.95	84.84	0	1	0	1	0	0	1.03865	0.854736
_D:	0	83	"TRAIN"	12.4704	380	0.0607365	0.831397	0.621816	0.209581	0	50	62.59	84.53	0	1	0	1	0	0	1.02087	0.845093
_D:	0	84	"TRAIN"	12.2259	380	0.0592699	0.83273	0.625396	0.207333	0	50	62.83	85.05	0	1	0	1	0	0	1.04203	0.856677
_D:	0	85	"TRAIN"	11.6896	380	0.0578491	0.84143	0.62271	0.218721	0	50	62.9	84.82	0	1	0	1	0	0	1.04214	0.861988
_D:	0	86	"TRAIN"	11.6715	380	0.0581414	0.843937	0.638816	0.205121	0	50	63.22	84.93	0	1	0	1	0	0	1.02564	0.852994
_D:	0	87	"TRAIN"	11.8892	380	0.0585344	0.839292	0.643824	0.195468	0	50	61.53	84.34	0	1	0	1	0	0	1.02183	0.850197
_D:	0	88	"TRAIN"	12.8024	380	0.0610243	0.823556	0.614957	0.2086	0	50	61.82	84.57	0	1	0	1	0	0	1.02283	0.85089
_D:	0	89	"TRAIN"	11.186	380	0.0567617	0.850793	0.630089	0.220704	0	50	63.01	85.29	0	1	0	1	0	0	1.02721	0.860659
_D:	0	90	"TRAIN"	11.9741	380	0.0589273	0.840514	0.644099	0.196415	0	50	62.97	85.1	0	1	0	1	0	0	1.04052	0.857323
_D:	0	91	"TRAIN"	11.9264	380	0.0587628	0.840545	0.616	0.224545	0	50	62.53	84.88	0	1	0	1	0	0	1.0317	0.850891
_D:	0	92	"TRAIN"	11.8902	380	0.0584201	0.839218	0.631268	0.207951	0	50	62.15	84.93	0	1	0	1	0	0	1.03698	0.854787
_D:	0	93	"TRAIN"	12.1078	380	0.059046	0.836085	0.611109	0.224976	0	50	62.49	84.96	0	1	0	1	0	0	1.03826	0.855938
_D:	0	94	"TRAIN"	12.0017	380	0.0580272	0.835292	0.60788	0.227411	0	50	62.28	84.92	0	1	0	1	0	0	1.0311	0.852127
_D:	0	95	"TRAIN"	12.0935	380	0.0590186	0.834728	0.620999	0.21373	0	50	62.27	85.03	0	1	0	1	0	0	1.03521	0.848033
_D:	0	96	"TRAIN"	11.1312	380	0.056611	0.850913	0.628842	0.222071	0	50	62.62	85.17	0	1	0	1	0	0	1.03609	0.856181
_D:	0	97	"TRAIN"	11.0027	380	0.0560718	0.854313	0.646993	0.20732	0	50	62.14	84.94	0	1	0	1	0	0	1.0202	0.855804
_D:	0	98	"TRAIN"	11.7569	380	0.0576161	0.839087	0.619216	0.219871	0	50	63.3	84.9	0	1	0	1	0	0	1.03928	0.86197
_D:	0	99	"TRAIN"	11.7624	380	0.0587536	0.843338	0.630393	0.212945	0	50	63.52	85.6	0	1	0	1	0	0	1.02279	0.854634
_D:	0	100	"TRAIN"	11.3311	380	0.0560444	0.847792	0.634358	0.213434	0	50	61.92	84.67	0	1	0	1	0	0	1.03369	0.862234
_D:	0	101	"TRAIN"	11.6877	380	0.058772	0.843058	0.62147	0.221588	0	50	62.82	85.3	0	1	0	1	0	0	1.04867	0.862493
_D:	0	102	"TRAIN"	11.8331	380	0.0585024	0.841265	0.63475	0.206515	0	50	62.83	84.68	0	1	0	1	0	0	1.01801	0.852804
_D:	0	103	"TRAIN"	11.6336	380	0.0573922	0.842624	0.626587	0.216037	0	50	63.13	84.77	0	1	0	1	0	0	1.03541	0.857693
_D:	0	104	"TRAIN"	11.4171	380	0.0568942	0.846445	0.637961	0.208483	0	50	62.36	85.09	0	1	0	1	0	0	1.04255	0.863057
_D:	0	105	"TRAIN"	12.8359	380	0.0612801	0.824826	0.596049	0.228777	0	50	62.99	84.87	0	1	0	1	0	0	1.02789	0.854998
_D:	0	106	"TRAIN"	12.0336	380	0.0582237	0.83538	0.610527	0.224853	0	50	62.11	84.62	0	1	0	1	0	0	1.0577	0.859221
_D:	0	107	"TRAIN"	12.4281	380	0.0598365	0.829205	0.603941	0.225264	0	50	62.73	85.1	0	1	0	1	0	0	1.02443	0.850152
_D:	0	108	"TRAIN"	11.9909	380	0.0581049	0.835065	0.61645	0.218615	0	50	62.82	84.78	0	1	0	1	0	0	1.02667	0.851738
_D:	0	109	"TRAIN"	11.7708	380	0.0581278	0.842233	0.635826	0.206407	0	50	62.25	84.66	0	1	0	1	0	0	1.02639	0.857847
_D:	0	110	"TRAIN"	12.2818	380	0.0603299	0.833428	0.634892	0.198536	0	50	62.36	84.47	0	1	0	1	0	0	1.02365	0.858416
_D:	0	111	"TRAIN"	12.3331	380	0.0590598	0.831256	0.621863	0.209393	0	50	61.52	84.26	0	1	0	1	0	0	1.03057	0.854212
_D:	0	112	"TRAIN"	11.641	380	0.0584704	0.84365	0.627498	0.216153	0	50	63.51	85.15	0	1	0	1	0	0	1.02799	0.852774
_D:	0	113	"TRAIN"	11.9309	380	0.0587171	0.838608	0.6337	0.204908	0	50	62.75	84.93	0	1	0	1	0	0	1.03316	0.8543
_D:	0	114	"TRAIN"	12.0914	380	0.0589866	0.835549	0.622285	0.213263	0	50	61.76	84.41	0	1	0	1	0	0	1.0173	0.846857
_D:	0	115	"TRAIN"	11.9838	380	0.0578125	0.835766	0.625743	0.210023	0	50	61.89	84.09	0	1	0	1	0	0	1.02299	0.848754
_D:	0	116	"TRAIN"	11.3882	380	0.0562774	0.847529	0.623354	0.224175	0	50	62.97	85.18	0	1	0	1	0	0	1.04353	0.863991
_D:	0	117	"TRAIN"	11.7919	380	0.0588085	0.841167	0.621206	0.219961	0	50	63.11	85.41	0	1	0	1	0	0	1.03761	0.850165
_D:	0	118	"TRAIN"	11.8826	380	0.0583516	0.838993	0.624439	0.214555	0	50	62.41	85.01	0	1	0	1	0	0	1.04422	0.858757
_D:	0	119	"TRAIN"	11.7073	380	0.0580592	0.84245	0.626293	0.216158	0	50	65.47	91.45	0	1	0	1	0	0	1.04204	0.862668
_D:	0	120	"TRAIN"	11.3984	380	0.0558936	0.84534	0.637889	0.207451	0	50	62.1	86.67	0	1	0	1	0	0	1.02915	0.858234
_D:	0	121	"TRAIN"	12.0487	380	0.0591328	0.835848	0.631592	0.204257	0	50	64.11	88.63	0	1	0	1	0	0	1.04138	0.861689
_D:	0	122	"TRAIN"	11.8252	380	0.0582282	0.840625	0.625979	0.214647	0	50	71.22	98.13	0	1	0	1	0	0	1.03772	0.857331
_D:	0	123	"TRAIN"	11.7436	380	0.0577622	0.841308	0.61956	0.221748	0	50	65.31	90.05	0	1	0	1	0	0	1.03459	0.854239
_D:	0	124	"TRAIN"	11.729	380	0.057712	0.84136	0.636809	0.204551	0	50	62.42	85.09	0	1	0	1	0	0	1.0384	0.861709
_D:	0	125	"TRAIN"	11.2892	380	0.0566383	0.850086	0.618331	0.231755	0	50	62.48	85.92	0	1	0	1	0	0	1.03065	0.859373
_D:	0	126	"TRAIN"	11.5363	380	0.0583745	0.847668	0.634638	0.213029	0	50	62.99	85.76	0	1	0	1	0	0	1.01749	0.850882
_D:	0	127	"TRAIN"	11.3193	380	0.0565378	0.847016	0.626698	0.220318	0	50	65.36	89.32	0	1	0	1	0	0	1.04032	0.861471
_D:	0	128	"TRAIN"	11.6506	380	0.0578993	0.843219	0.63895	0.20427	0	50	71.75	96.64	0	1	0	1	0	0	1.03151	0.85535
_D:	0	129	"TRAIN"	12.0515	380	0.0591603	0.83823	0.631337	0.206893	0	50	73.55	100.66	0	1	0	1	0	0	1.01622	0.848198
_D:	0	130	"TRAIN"	11.6167	380	0.0582511	0.844873	0.626024	0.21885	0	50	67.91	95.12	0	1	0	1	0	0	1.02945	0.852752
_D:	0	131	"TRAIN"	11.2066	380	0.0570952	0.849734	0.626999	0.222735	0	50	63.72	87.05	0	1	0	1	0	0	1.05201	0.862415
_D:	0	132	"TRAIN"	11.78	380	0.0577668	0.84116	0.63188	0.20928	0	50	62.23	85.61	0	1	0	1	0	0	1.03979	0.860642
_D:	0	133	"TRAIN"	12.1745	380	0.0592928	0.836287	0.639273	0.197014	0	50	63.89	88.86	0	1	0	1	0	0	1.02506	0.854081
_D:	0	134	"TRAIN"	11.6292	380	0.0573054	0.843233	0.639385	0.203848	0	50	64.28	88.44	0	1	0	1	0	0	1.04983	0.866867
_D:	0	135	"TRAIN"	11.5817	380	0.0573328	0.843034	0.632913	0.210121	0	50	63.29	87.44	0	1	0	1	0	0	1.04207	0.856069
_D:	0	136	"TRAIN"	11.1532	380	0.0562043	0.851057	0.622482	0.228575	0	50	65.89	91.35	0	1	0	1	0	0	1.03972	0.856892
_D:	0	137	"TRAIN"	11.0473	380	0.0546372	0.850072	0.624483	0.225589	0	50	61.79	85.66	0	1	0	1	0	0	1.05426	0.867001
_D:	0	138	"TRAIN"	11.1697	380	0.0551855	0.8502	0.625676	0.224524	0	50	62.6	85.61	0	1	0	1	0	0	1.05209	0.862871
_D:	0	139	"TRAIN"	11.1664	380	0.0555784	0.84997	0.643525	0.206444	0	50	62.35	85.71	0	1	0	1	0	0	1.04727	0.863848
_D:	0	140	"TRAIN"	12.2457	380	0.0584521	0.829947	0.642457	0.18749	0	50	62.2	85.21	0	1	0	1	0	0	1.03494	0.853556
_D:	0	141	"TRAIN"	11.7619	380	0.0572963	0.840002	0.625715	0.214286	0	50	62.93	85.37	0	1	0	1	0	0	1.0442	0.861567
_D:	0	142	"TRAIN"	12.0182	380	0.0584384	0.836387	0.64362	0.192767	0	50	62.25	85.32	0	1	0	1	0	0	1.02679	0.851243
_D:	0	143	"TRAIN"	11.2269	380	0.0563094	0.847801	0.625285	0.222517	0	50	62.26	85.44	0	1	0	1	0	0	1.0453	0.86084
_D:	0	144	"TRAIN"	11.6304	380	0.0576754	0.843457	0.619257	0.224201	0	50	62.6	85.86	0	1	0	1	0	0	1.03454	0.856684
_D:	0	145	"TRAIN"	11.4033	380	0.0570952	0.846273	0.616564	0.229709	0	50	63.24	86.47	0	1	0	1	0	0	1.04436	0.861488
_D:	0	146	"TRAIN"	11.8626	380	0.0579359	0.837739	0.610566	0.227173	0	50	62.09	85.14	0	1	0	1	0	0	1.0379	0.854951
_D:	0	147	"TRAIN"	11.6948	380	0.0583333	0.842277	0.622685	0.219591	0	50	63.38	85.75	0	1	0	1	0	0	1.01656	0.85123
_D:	0	148	"TRAIN"	11.8033	380	0.0585252	0.84086	0.646972	0.193889	0	50	63.15	85.63	0	1	0	1	0	0	1.02982	0.85793
_D:	0	149	"TRAIN"	11.5592	380	0.057118	0.84257	0.626633	0.215938	0	50	63.4	85.54	0	1	0	1	0	0	1.03855	0.856082
_D:	0	150	"TRAIN"	12.1898	380	0.0594161	0.834976	0.615521	0.219455	0	50	63.04	85.96	0	1	0	1	0	0	1.02662	0.85221
_D:	0	151	"TRAIN"	11.9312	380	0.0575795	0.837682	0.610343	0.227339	0	50	63.65	85.76	0	1	0	1	0	0	1.03402	0.855498
_D:	0	152	"TRAIN"	12.6997	380	0.0607456	0.82677	0.61671	0.210059	0	50	63.24	85.31	0	1	0	1	0	0	1.03573	0.85662
_D:	0	153	"TRAIN"	11.5797	380	0.056282	0.841609	0.607604	0.234006	0	50	63.18	85.74	0	1	0	1	0	0	1.04539	0.863059
_D:	0	154	"TRAIN"	11.5354	380	0.0570084	0.845205	0.621197	0.224008	0	50	63.23	85.77	0	1	0	1	0	0	1.0513	0.867201
_D:	0	155	"TRAIN"	11.9828	380	0.058315	0.836508	0.611657	0.224851	0	50	63.68	85.8	0	1	0	1	0	0	1.04136	0.856734
_D:	0	156	"TRAIN"	11.2797	380	0.0565744	0.849181	0.615836	0.233345	0	50	63.23	85.94	0	1	0	1	0	0	1.03959	0.85968
_D:	0	157	"TRAIN"	11.5691	380	0.0576207	0.844692	0.643787	0.200905	0	50	63.16	85.8	0	1	0	1	0	0	1.0582	0.864501
_D:	0	158	"TRAIN"	11.5757	380	0.0571043	0.844424	0.622142	0.222281	0	50	63.17	85.54	0	1	0	1	0	0	1.04306	0.867727
_D:	0	159	"TRAIN"	11.532	380	0.0580501	0.846265	0.63076	0.215506	0	50	63.29	86.03	0	1	0	1	0	0	1.03194	0.857767
_D:	0	160	"TRAIN"	11.3184	380	0.0564876	0.848129	0.620238	0.227891	0	50	62.82	86.03	0	1	0	1	0	0	1.04942	0.865264
_D:	0	161	"TRAIN"	12.4381	380	0.0603527	0.831406	0.635699	0.195707	0	50	63.52	86.08	0	1	0	1	0	0	1.0249	0.852917
_D:	0	162	"TRAIN"	11.7395	380	0.0585754	0.844346	0.637439	0.206907	0	50	63.6	86.22	0	1	0	1	0	0	1.02118	0.850402
_D:	0	163	"TRAIN"	11.4873	380	0.0569992	0.843586	0.616508	0.227078	0	50	63.62	85.85	0	1	0	1	0	0	1.03871	0.860399
_D:	0	164	"TRAIN"	11.3473	380	0.0568987	0.847428	0.635206	0.212222	0	50	64.46	85.86	0	1	0	1	0	0	1.04806	0.865633
_D:	0	165	"TRAIN"	11.5983	380	0.0568942	0.843368	0.617792	0.225576	0	50	63.05	85.98	0	1	0	1	0	0	1.0496	0.862853
_D:	0	166	"TRAIN"	12.6884	380	0.0611203	0.826716	0.623501	0.203215	0	50	62.49	85.42	0	1	0	1	0	0	1.03252	0.851384
_D:	0	167	"TRAIN"	11.2172	380	0.0562363	0.84944	0.632823	0.216617	0	50	63.19	86.07	0	1	0	1	0	0	1.05663	0.867878
_D:	0	168	"TRAIN"	11.99	380	0.0584429	0.837313	0.629345	0.207968	0	50	63.45	86.11	0	1	0	1	0	0	1.04431	0.860932
_D:	0	169	"TRAIN"	11.8069	380	0.0586029	0.842578	0.643398	0.19918	0	50	62.89	85.71	0	1	0	1	0	0	1.02571	0.856998
_D:	0	170	"TRAIN"	11.7209	380	0.0581323	0.840519	0.632818	0.207701	0	50	64.75	89.91	0	1	0	1	0	0	1.04261	0.858592
_D:	0	171	"TRAIN"	11.356	380	0.0562134	0.847189	0.624636	0.222553	0	50	64.75	89.95	0	1	0	1	0	0	1.05353	0.86765
_D:	0	172	"TRAIN"	11.3824	380	0.0564328	0.845976	0.635752	0.210225	0	50	64.05	88.44	0	1	0	1	0	0	1.06173	0.865434
_D:	0	173	"TRAIN"	12.2876	380	0.0599598	0.831137	0.61647	0.214667	0	50	65.17	91.05	0	1	0	1	0	0	1.02289	0.847062
_D:	0	174	"TRAIN"	11.5426	380	0.0577622	0.843347	0.633707	0.20964	0	50	62.73	85.5	0	1	0	1	0	0	1.04512	0.862714
_D:	0	175	"TRAIN"	11.4781	380	0.0563916	0.844613	0.613286	0.231326	0	50	62.56	84.79	0	1	0	1	0	0	1.0452	0.864746
_D:	0	176	"TRAIN"	11.467	380	0.0565378	0.845168	0.640151	0.205017	0	50	63.24	86.95	0	1	0	1	0	0	1.03679	0.857489
